generator_and_encoder_train_losses: [4.207412793086125, 4.013125346257136, 4.214430533922636, 3.830593365889329, 3.9958838499509373, 4.3879020397479715, 4.09096594957205, 4.282047290068406, 4.628455143708449, 3.996656656265259]
discriminator_train_losses: [1.257809266448021, 1.0419127941131592, 1.0587449371814728, 0.9420360922813416, 0.8734836876392365, 0.9041848182678223, 0.9786377996206284, 0.818782314658165, 0.7927422076463699, 0.6755196303129196]
generator_and_encoder_train_accuracies: [333.5687255859375, 325.85406494140625, 321.5341491699219, 333.1624755859375, 326.9443054199219, 330.6333312988281, 325.94805908203125, 326.0046081542969, 322.2844543457031, 328.8074951171875]
discriminator_train_accuracies: [0.3125, 0.25, 0.375, 0.3125, 0.3125, 0.25, 0.375, 0.4375, 0.5, 0.5]
generator_and_encoder_val_losses: [4.1558314103346605, 3.8872185487013597, 3.762301885164701, 4.226341962814331, 3.73612746825585, 3.5951532950768104, 4.2418757401979885, 4.323167819243211, 4.711122402778039, 4.258248824339646]
discriminator_val_losses: [1.0812129882665782, 0.9807115609829242, 0.9679938371364887, 0.9479707937974197, 0.8331943337733929, 0.8732509429638202, 0.8090731364030105, 0.7736339981739337, 0.7550824926449702, 0.7428449850815994]
generator_and_encoder_val_accuracies: [328.38824462890625, 325.7098388671875, 328.2725524902344, 325.5291442871094, 326.6424255371094, 323.4764709472656, 324.75030517578125, 330.49786376953125, 325.07061767578125, 319.55584716796875]
discriminator_val_accuracies: [0.38461538461538464, 0.40384615384615385, 0.34615384615384615, 0.4423076923076923, 0.5, 0.46153846153846156, 0.5384615384615384, 0.5192307692307693, 0.5384615384615384, 0.46153846153846156]
recognizer_train_errors: [1.4814121723175049, 1.3050326108932495, 1.304452896118164, 1.2775298357009888, 1.3590025901794434, 1.3370251655578613, 1.3422406911849976, 1.7558671236038208, 1.3209302425384521, 1.3337035179138184]
recognizer_val_errors: [1.2049930095672607, 1.2238110303878784, 1.2684204578399658, 1.2095719575881958, 1.1853902339935303, 1.1474452018737793, 1.2075421810150146, 1.2540526390075684, 1.3062011003494263, 1.2398346662521362]
saved_generator_and_encoder_models_epochs: [0.0, 1.0, 2.0, 4.0, 5.0]
saved_discriminator_models_epochs: [0.0, 1.0, 2.0, 3.0, 4.0, 6.0, 7.0, 8.0, 9.0]
