generator_and_encoder_train_losses: [1.6725806364646325, 1.4687466804797833, 1.370537051787743, 1.340660837980417, 1.3745411175947924, 1.6157594919204712, 1.341968949024494, 1.6565921673407922, 1.4514711728462806, 1.5610481959122877]
discriminator_train_losses: [1.2547829896211624, 1.0141687095165253, 1.0544951558113098, 0.9530598223209381, 0.876130610704422, 0.9055808782577515, 0.9277403801679611, 0.7432890236377716, 0.7277835011482239, 0.6531890481710434]
generator_and_encoder_train_accuracies: [333.0181884765625, 326.6071472167969, 321.0228271484375, 327.5433044433594, 325.7975158691406, 326.28570556640625, 320.80108642578125, 323.78778076171875, 339.142333984375, 335.9537658691406]
discriminator_train_accuracies: [0.3125, 0.25, 0.375, 0.375, 0.375, 0.3125, 0.375, 0.3125, 0.5, 0.5625]
generator_and_encoder_val_losses: [1.612008626644428, 1.3528216160260713, 1.1547332910391002, 1.3720043897628784, 1.4493674039840698, 1.3355666307302623, 1.463693563754742, 1.4187288009203398, 1.4719536304473877, 1.391145715346703]
discriminator_val_losses: [1.1174207742397602, 1.0023850477658784, 0.9736684148128216, 0.9138896327752334, 0.8821746248465318, 0.8460718989372253, 0.8134254262997553, 0.8087096672791702, 0.7583392766805795, 0.8069681479380681]
generator_and_encoder_val_accuracies: [330.9482116699219, 327.1305847167969, 322.756103515625, 316.83953857421875, 326.78509521484375, 318.78997802734375, 333.1131286621094, 351.3804931640625, 343.0509033203125, 330.36907958984375]
discriminator_val_accuracies: [0.38461538461538464, 0.4230769230769231, 0.36538461538461536, 0.38461538461538464, 0.4807692307692308, 0.5, 0.5384615384615384, 0.46153846153846156, 0.5, 0.4230769230769231]
recognizer_train_errors: [1.489290475845337, 1.3119639158248901, 1.2996808290481567, 1.2899200916290283, 1.3683961629867554, 1.4032158851623535, 1.3274255990982056, 1.9604493379592896, 1.400907278060913, 1.404422640800476]
recognizer_val_errors: [1.2493287324905396, 1.2607645988464355, 1.2359237670898438, 1.1948946714401245, 1.1766676902770996, 1.1435825824737549, 1.149719476699829, 1.318780779838562, 1.2912044525146484, 1.2791798114776611]
saved_generator_and_encoder_models_epochs: [0.0, 1.0, 2.0]
saved_discriminator_models_epochs: [0.0, 1.0, 2.0, 3.0, 4.0, 5.0, 6.0, 7.0, 8.0]
