generator_and_encoder_train_losses: [26.2240648571449, 4.6486060770252084, 4.45298233213304, 4.208687275270872]
discriminator_train_losses: [31.819992005825043, 50.0, 50.0, 50.0]
generator_and_encoder_train_accuracies: [346.2030029296875, 361.4259033203125, 351.7915954589844, 345.876708984375]
discriminator_train_accuracies: [0.4583333432674408, 0.5, 0.5, 0.5]
generator_and_encoder_val_losses: [3.7398857176303864, 3.5406630784273148, 3.372334286570549, 2.8493905067443848]
discriminator_val_losses: [50.0, 50.0, 50.0, 50.0]
generator_and_encoder_val_accuracies: [371.4444885253906, 361.5293273925781, 349.6385498046875, 371.859130859375]
discriminator_val_accuracies: [0.48828125, 0.48828125, 0.48828125, 0.48828125]
recognizer_train_errors: [1.026790738105774, 1.0345481634140015, 1.0099341869354248, 0.9840856790542603]
recognizer_val_errors: [1.0467981100082397, 0.9988515973091125, 0.9900164604187012, 0.9370301365852356]
saved_generator_and_encoder_models_epochs: [0.0, 1.0, 2.0, 3.0]
saved_discriminator_models_epochs: [0.0]
