generator_and_encoder_train_losses: [8.705179522309122, 8.059648706943173, 8.191373248643513, 7.515286385258542, 6.88178306289866, 7.692863959300367, 7.632607140118563, 7.30241159849529, 7.4468090021157565, 7.486977166767362, 6.926851305780532, 8.270162407355972, 7.334713410727585, 7.348367395280283, 7.356913530373875, 7.3005607097963745, 7.4750107270252855, 7.709445675717125]
discriminator_train_losses: [0.3329775168360034, 0.34803766889285437, 0.2809324742212326, 0.2540643385411063, 0.2536756082237521, 0.16659186407923698, 0.1619141483325747, 0.15649603797665126, 0.11914118053981021, 0.11183384522984299, 0.1321560676810862, 0.07669965196636659, 0.08254997719880901, 0.08419953838368005, 0.07477316274484501, 0.07354278636129596, 0.07318772620792631, 0.06985092285690428]
generator_and_encoder_train_accuracies: [316.9995422363281, 284.8476257324219, 252.87045288085938, 237.8385009765625, 239.03729248046875, 250.03530883789062, 253.79730224609375, 278.9903259277344, 279.7732849121094, 277.52471923828125, 296.3082580566406, 287.5348205566406, 295.7989807128906, 290.5464172363281, 306.697509765625, 321.26202392578125, 342.7309265136719, 352.935791015625]
discriminator_train_accuracies: [0.8748022317886353, 0.8564082384109497, 0.8846914768218994, 0.8791534900665283, 0.8793512582778931, 0.9406645894050598, 0.9323576092720032, 0.9440269470214844, 0.9760680794715881, 0.970530092716217, 0.9802215695381165, 0.9887263178825378, 0.9889240860939026, 0.9889240860939026, 0.9889240860939026, 0.9889240860939026, 0.9887263178825378, 0.9889240860939026]
generator_and_encoder_val_losses: [11.215289890766144, 4.877061367034912, 6.461530894041061, 10.903649806976318, 3.4723341912031174, 8.303219616413116, 10.644917666912079, 5.595370054244995, 10.462432086467743, 9.591215789318085, 7.0651014149188995, 10.640127539634705, 4.946534425020218, 9.107704102993011, 5.46445307135582, 9.36802989244461, 9.982586085796356, 6.377791732549667]
discriminator_val_losses: [0.006651501767919399, 0.1261661178432405, 0.021321872016415, 0.00597973277035635, 1.0232054740190506, 0.0032763867056928575, 0.019083007326116785, 0.032371836714446545, 0.014629615165176801, 0.0071169403090607375, 0.007335640460951254, 0.009236808429704979, 0.04994774283841252, 0.009265946835512295, 0.025640274048782885, 0.016485404747072607, 0.037747953087091446, 0.010646336304489523]
generator_and_encoder_val_accuracies: [326.21563720703125, 260.1057434082031, 296.5237121582031, 268.41156005859375, 282.7261047363281, 272.8417663574219, 284.8446044921875, 318.1575012207031, 300.61993408203125, 317.8021240234375, 287.7042541503906, 292.4245910644531, 305.9853515625, 306.9809875488281, 314.5577697753906, 344.3346252441406, 357.630126953125, 359.36859130859375]
discriminator_val_accuracies: [0.9765625, 0.9765625, 0.9765625, 0.9765625, 0.48828125, 0.9765625, 0.9765625, 0.9765625, 0.9765625, 0.9765625, 0.9765625, 0.9765625, 0.9765625, 0.9765625, 0.9765625, 0.9765625, 0.9755859375, 0.9765625]
recognizer_train_errors: [1.0882054567337036, 1.0540564060211182, 1.0090737342834473, 0.9960278868675232, 0.9932610988616943, 0.9981951117515564, 0.9806792736053467, 0.9856492280960083, 0.9807961583137512, 0.9797503352165222, 0.9716290831565857, 0.9663560390472412, 0.9626866579055786, 0.9552023410797119, 0.953190267086029, 0.9497811198234558, 0.9533137083053589, 0.9496333599090576]
recognizer_val_errors: [1.131094217300415, 1.0191742181777954, 0.9938313364982605, 1.080352783203125, 1.0794970989227295, 0.9683194756507874, 0.9926519989967346, 1.0360379219055176, 1.0005362033843994, 0.9670770764350891, 0.9526267051696777, 0.9856118559837341, 0.9728584885597229, 0.9792223572731018, 0.9300485849380493, 0.9556563496589661, 0.9554542899131775, 0.946040689945221]
saved_generator_and_encoder_models_epochs: [0.0, 1.0, 4.0]
saved_discriminator_models_epochs: [0.0, 3.0, 5.0]
