generator_and_encoder_train_losses: [4.205974542177641, 3.9178885496579685, 4.295369955209585, 4.03766602736253, 4.213695269364577, 4.576103137089656, 3.8331933938539944, 4.4968830071962795, 4.5365698887751655, 4.03238817361685]
discriminator_train_losses: [2.5129736959934235, 2.162297308444977, 2.0569030940532684, 1.8586059510707855, 1.7148417532444, 1.871030032634735, 2.094805210828781, 1.6399465799331665, 1.5042645335197449, 1.2794475853443146]
generator_and_encoder_train_accuracies: [333.431640625, 328.1388244628906, 322.3646240234375, 326.8685302734375, 327.87713623046875, 327.520263671875, 322.05401611328125, 331.5772705078125, 321.5624084472656, 326.77752685546875]
discriminator_train_accuracies: [0.3125, 0.25, 0.375, 0.25, 0.3125, 0.1875, 0.3125, 0.25, 0.5, 0.5625]
generator_and_encoder_val_losses: [4.099910479325515, 3.895684994184054, 3.461731819006113, 4.487339331553533, 3.9520451839153585, 3.38366569005526, 4.310051679611206, 4.369041406191313, 4.473404682599581, 4.097437546803401]
discriminator_val_losses: [1.0920514235129724, 0.9551148918958811, 0.9498367538818946, 0.9276125889558059, 0.8837366516773517, 0.896611213684082, 0.8115871456953195, 0.7580851041353666, 0.7678058743476868, 0.7205577125916114]
generator_and_encoder_val_accuracies: [330.7960205078125, 327.0447082519531, 323.3544921875, 321.3411560058594, 319.77117919921875, 319.7153625488281, 326.80218505859375, 331.5362243652344, 325.28564453125, 325.53271484375]
discriminator_val_accuracies: [0.38461538461538464, 0.38461538461538464, 0.3269230769230769, 0.38461538461538464, 0.4423076923076923, 0.4807692307692308, 0.5, 0.5384615384615384, 0.46153846153846156, 0.5]
recognizer_train_errors: [1.510862946510315, 1.3117878437042236, 1.3273874521255493, 1.2657277584075928, 1.4127649068832397, 1.3823981285095215, 1.3340939283370972, 1.7423748970031738, 1.3273122310638428, 1.3525446653366089]
recognizer_val_errors: [1.2052468061447144, 1.1832693815231323, 1.1988399028778076, 1.2513808012008667, 1.2021241188049316, 1.118985652923584, 1.177846908569336, 1.2406554222106934, 1.2634797096252441, 1.2193934917449951]
saved_generator_and_encoder_models_epochs: [0.0, 1.0, 2.0, 5.0]
saved_discriminator_models_epochs: [0.0, 1.0, 2.0, 3.0, 4.0, 5.0, 6.0, 7.0, 9.0]
