generator_and_encoder_train_losses: [4.233564872008103, 4.114774887378399, 4.350175289007334, 3.8620794736422024, 4.09890576509329, 4.640936741462121, 3.819458136191735, 4.49817941739009, 4.7328973183265095, 4.04138785142165]
discriminator_train_losses: [1.262048602104187, 1.0503492653369904, 0.9956001043319702, 0.8967846482992172, 0.8373414278030396, 0.9725965857505798, 0.9309503883123398, 0.8371147066354752, 0.682853564620018, 0.6445110589265823]
generator_and_encoder_train_accuracies: [334.0326843261719, 326.3468017578125, 319.00775146484375, 327.8365783691406, 326.2906799316406, 323.7763671875, 316.7160949707031, 326.739501953125, 324.6283874511719, 329.4129638671875]
discriminator_train_accuracies: [0.3125, 0.25, 0.4375, 0.375, 0.375, 0.3125, 0.375, 0.25, 0.625, 0.5625]
generator_and_encoder_val_losses: [nan, nan, nan, nan, nan, nan, nan, nan, nan, nan]
discriminator_val_losses: [1.0724253746179433, 0.9863157960084769, 0.9841155043015113, 0.9589149951934814, 0.8828397530775803, 0.8864637154799241, 0.806714979501871, 0.7611371462161725, 0.7640136847129235, 0.7300774546769949]
generator_and_encoder_val_accuracies: [332.3055114746094, 326.9311218261719, 322.5773010253906, 324.8448181152344, 322.5674133300781, 322.167724609375, 328.99371337890625, 334.0876770019531, 328.8216247558594, 321.9771728515625]
discriminator_val_accuracies: [0.38461538461538464, 0.38461538461538464, 0.34615384615384615, 0.4230769230769231, 0.4807692307692308, 0.46153846153846156, 0.4423076923076923, 0.5384615384615384, 0.5576923076923077, 0.5192307692307693]
recognizer_train_errors: [1.5090885162353516, 1.338362455368042, 1.3313864469528198, 1.2522557973861694, 1.3902066946029663, 1.39687979221344, 1.2981089353561401, 1.7116310596466064, 1.3621584177017212, 1.371290683746338]
recognizer_val_errors: [1.2201088666915894, 1.2006608247756958, 1.1727482080459595, 1.2324918508529663, 1.20432710647583, 1.165355920791626, 1.1451160907745361, 1.2681609392166138, 1.2686654329299927, 1.1944998502731323]
saved_generator_and_encoder_models_epochs: []
saved_discriminator_models_epochs: [0.0, 1.0, 2.0, 3.0, 4.0, 6.0, 7.0, 8.0, 9.0]
