generator_and_encoder_train_losses: [4.3766098746770545, 4.265025199214114, 4.36490081533601, 4.499565417253518, 4.7156953057156334, 4.674432754516602, 4.75253275376332]
discriminator_train_losses: [2.002288617193699, 1.4561929553747177, 1.1401616260409355, 0.8809138983488083, 0.6798921301960945, 0.5205452889204025, 0.4629032649099827]
generator_and_encoder_train_accuracies: [298.81964111328125, 306.41131591796875, 329.9571533203125, 349.8930358886719, 351.33843994140625, 358.70306396484375, 341.6826477050781]
discriminator_train_accuracies: [0.4345703125, 0.5888671875, 0.7021484375, 0.8232421875, 0.9052734375, 0.9521484375, 0.9658203125]
generator_and_encoder_val_losses: [4.201128527522087, 4.430500358343124, 4.51228392124176, 4.679975986480713, 4.8154401779174805, 5.054892748594284, 5.051769405603409]
discriminator_val_losses: [0.10374860465526581, 0.0767936110496521, 0.06312398612499237, 0.048743173480033875, 0.027826521545648575, 0.024075420573353767, 0.02730047143995762]
generator_and_encoder_val_accuracies: [308.74090576171875, 323.4469909667969, 346.1328125, 354.9986877441406, 356.5701599121094, 359.5435791015625, 338.4176940917969]
discriminator_val_accuracies: [0.5205078125, 0.6572265625, 0.76171875, 0.8681640625, 0.923828125, 0.943359375, 0.951171875]
recognizer_train_errors: [1.0914678573608398, 1.1318827867507935, 1.1192349195480347, 1.1156480312347412, 1.103076696395874, 1.0675930976867676, 1.0392417907714844]
recognizer_val_errors: [1.0915791988372803, 1.1656241416931152, 1.1106312274932861, 1.096863865852356, 1.0893093347549438, 1.0590752363204956, 1.0116945505142212]
saved_generator_and_encoder_models_epochs: [0.0]
saved_discriminator_models_epochs: [0.0, 1.0, 2.0, 3.0, 4.0, 5.0, 6.0]
