generator_and_encoder_train_losses: [5.036643028259277, 4.590132236480713, 7.625550746917725, 4.186435699462891, 6.989359378814697, 5.204930782318115, 7.528173923492432, 5.25662088394165, 7.562102317810059, 5.319892406463623, 6.74371862411499, 5.490449905395508, 8.24874496459961]
discriminator_train_losses: [1.4700080156326294, 1.289184331893921, 0.9320220351219177, 0.7633343935012817, 0.819364070892334, 0.5321825742721558, 0.609871506690979, 0.38183507323265076, 0.44294390082359314, 0.28851401805877686, 0.5126469731330872, 0.22885936498641968, 0.18858571350574493]
generator_and_encoder_train_accuracies: [342.0693359375, 350.01947021484375, 338.9091796875, 343.4481506347656, 358.01300048828125, 350.9227600097656, 377.32696533203125, 353.3718566894531, 356.1309509277344, 360.802490234375, 361.6031494140625, 373.1689453125, 403.1784362792969]
discriminator_train_accuracies: [0.4000000059604645, 0.6000000238418579, 0.699999988079071, 0.699999988079071, 0.6000000238418579, 0.699999988079071, 0.6000000238418579, 0.800000011920929, 0.800000011920929, 1.0, 0.800000011920929, 1.0, 0.9000000357627869]
generator_and_encoder_val_losses: [4.876956939697266, 5.417675495147705, 5.477738380432129, 3.699974536895752, 6.5053863525390625, 4.72910213470459, 5.53105354309082, 4.218369483947754, 6.060888290405273, 4.142980098724365, 6.794275283813477, 5.379051208496094, 6.826125144958496]
discriminator_val_losses: [1.1241686344146729, 0.8921540975570679, 0.9506644010543823, 0.8491042852401733, 0.7685344815254211, 0.713055431842804, 0.6996634006500244, 0.48061883449554443, 0.594756543636322, 0.5389994382858276, 0.48385509848594666, 0.2949136793613434, 0.5007153153419495]
generator_and_encoder_val_accuracies: [359.71295166015625, 344.9579162597656, 347.63525390625, 379.41802978515625, 349.03582763671875, 357.161376953125, 367.7830505371094, 345.9282531738281, 375.450927734375, 362.7713317871094, 405.5861511230469, 370.94757080078125, 359.2848205566406]
discriminator_val_accuracies: [0.6, 0.7, 0.5, 0.6, 0.6, 0.6, 0.7, 0.8, 0.7, 0.8, 0.8, 1.0, 0.7]
recognizer_train_errors: [1.0689655542373657, 1.1436781883239746, 1.2643678188323975, 1.1034482717514038, 1.2643678188323975, 1.2356321811676025, 1.1781609058380127, 1.4310344457626343, 1.408046007156372, 1.1206896305084229, 1.1839081048965454, 1.1321839094161987, 1.362069010734558]
recognizer_val_errors: [1.0150753259658813, 1.160804033279419, 0.929648220539093, 0.9648241400718689, 1.0904523134231567, 1.1909548044204712, 0.979899525642395, 1.085427165031433, 1.0452260971069336, 0.909547746181488, 0.9748743772506714, 1.1557788848876953, 1.0753768682479858]
saved_generator_and_encoder_models_epochs: [0.0, 3.0]
saved_discriminator_models_epochs: [0.0, 1.0, 3.0, 4.0, 5.0, 6.0, 7.0, 11.0]
