generator_and_encoder_train_losses: [1.6703687356068537, 1.4114814125574553, 1.377395281424889, 1.269006215609037, 1.4073775181403527, 1.4464524709261382, 1.466871949342581, 1.683344290806697, 1.508893609046936, 1.691711003963764]
discriminator_train_losses: [1.2684889137744904, 1.0496634095907211, 1.001382514834404, 0.8652209341526031, 0.8616697192192078, 0.9431580305099487, 0.8946614563465118, 0.8117316365242004, 0.6944550573825836, 0.7321199327707291]
generator_and_encoder_train_accuracies: [333.095458984375, 327.746826171875, 316.7887268066406, 327.3921203613281, 332.8195495605469, 331.4696044921875, 326.7430114746094, 324.10125732421875, 326.3174743652344, 328.21954345703125]
discriminator_train_accuracies: [0.3125, 0.25, 0.375, 0.3125, 0.375, 0.25, 0.375, 0.4375, 0.5, 0.4375]
generator_and_encoder_val_losses: [1.5982267489800086, 1.2797313103309045, 1.1251619870846088, 1.3681177175962007, 1.5925001089389508, 1.4723029686854436, 1.5486033879793608, 1.5402816442342906, 1.4758219718933105, 1.513820538154015]
discriminator_val_losses: [1.0879736175903907, 0.9861511679796072, 0.9698507189750671, 0.8930904636016259, 0.8409105310073266, 0.8176537614602309, 0.760820732666896, 0.8160998087662917, 0.7387757163781387, 0.7858084256832416]
generator_and_encoder_val_accuracies: [331.8473815917969, 328.1412658691406, 327.3182067871094, 325.6965026855469, 333.6641540527344, 320.4643859863281, 318.4797668457031, 325.97296142578125, 320.9510192871094, 337.6258544921875]
discriminator_val_accuracies: [0.36538461538461536, 0.38461538461538464, 0.36538461538461536, 0.4423076923076923, 0.4230769230769231, 0.5, 0.5384615384615384, 0.5384615384615384, 0.4807692307692308, 0.5]
recognizer_train_errors: [1.5264410972595215, 1.3081563711166382, 1.3415478467941284, 1.3097304105758667, 1.3917607069015503, 1.4510239362716675, 1.5310699939727783, 1.8248517513275146, 1.4338395595550537, 1.4914624691009521]
recognizer_val_errors: [1.2279894351959229, 1.1977113485336304, 1.1903269290924072, 1.2267965078353882, 1.36679208278656, 1.2700952291488647, 1.2800688743591309, 1.403935194015503, 1.373132586479187, 1.2889649868011475]
saved_generator_and_encoder_models_epochs: [0.0, 1.0, 2.0]
saved_discriminator_models_epochs: [0.0, 1.0, 2.0, 3.0, 4.0, 5.0, 6.0, 8.0]
