    generator_and_encoder_train_losses: [11.27671947479248, 13.664614486694337, 13.61785011291504, 14.348239135742187, 12.84789972305298]
    discriminator_train_losses: [2.2227481842041015, 2.0671579122543333, 1.466700506210327, 1.3028684854507446, 1.553587055206299]
    generator_and_encoder_train_accuracies: [351.8728942871094, 348.6227111816406, 350.4635314941406, 343.80474853515625, 354.6346435546875]
    discriminator_train_accuracies: [0.5, 0.5, 0.6500000357627869, 0.6500000357627869, 0.699999988079071]
    generator_and_encoder_val_losses: [16.771921157836914, 16.163490295410156, 15.686939239501953, 16.37006378173828, 15.949143409729004]
    discriminator_val_losses: [1.6395432949066162, 1.9101543426513672, 1.0599086284637451, 1.1257002353668213, 0.8457896709442139]
    generator_and_encoder_val_accuracies: [375.13299560546875, 348.6798400878906, 374.1237487792969, 351.005859375, 400.66766357421875]
    discriminator_val_accuracies: [0.5, 0.75, 0.5, 0.75, 1.0]
    recognizer_train_errors: [1.153485894203186, 1.059923768043518, 1.1415035724639893, 1.15882408618927, 0.9122622609138489]
    recognizer_val_errors: [0.8452380895614624, 0.8333333134651184, 0.8690476417541504, 0.8214285969734192, 0.8690476417541504]
    saved_generator_and_encoder_models_epochs: [0.0, 1.0, 2.0]
    saved_discriminator_models_epochs: [0.0, 1.0, 2.0, 4.0]
