generator_and_encoder_train_losses: [4.416810017365676, 3.9845679723299465, 4.050799443171575, 4.326473107704749, 4.472927698722253, 4.001300224891076, 3.997049863521869, 4.130938584987934, 4.132959567583525, 3.974184898229746]
discriminator_train_losses: [3.2876110076904297, 2.5741968154907227, 2.320359945297241, 1.719285011291504, 2.175588846206665, 1.7193779945373535, 2.0039820671081543, 2.083972930908203, 1.9266364574432373, 2.223109245300293]
generator_and_encoder_train_accuracies: [332.4684753417969, 317.1889953613281, 330.513916015625, 329.1237487792969, 319.8380126953125, 322.9126281738281, 328.1690673828125, 320.42755126953125, 326.33843994140625, 322.51422119140625]
discriminator_train_accuracies: [0.5, 0.5, 0.25, 0.25, 0.0, 0.25, 0.0, 0.0, 0.75, 0.25]
generator_and_encoder_val_losses: [4.4305596351623535, 3.8769213358561196, 3.43843142191569, 3.549609899520874, 4.076816876729329, 3.0015172163645425, 3.1305226484934487, 4.578218460083008, 3.774906317392985, 3.5725634892781577]
discriminator_val_losses: [1.2531530857086182, 1.184023141860962, 1.1942637761433919, 1.0955232580502827, 1.0064775546391804, 1.0696119864781697, 1.0340555508931477, 0.973815937836965, 1.0659830967585247, 1.0454801122347515]
generator_and_encoder_val_accuracies: [348.99542236328125, 353.5219421386719, 342.0920715332031, 373.00396728515625, 343.5038757324219, 345.3078308105469, 334.73321533203125, 355.2322998046875, 356.06964111328125, 381.8184814453125]
discriminator_val_accuracies: [0.3333333333333333, 0.16666666666666666, 0.3333333333333333, 0.25, 0.25, 0.16666666666666666, 0.3333333333333333, 0.3333333333333333, 0.3333333333333333, 0.3333333333333333]
recognizer_train_errors: [1.5064574480056763, 1.2691333293914795, 1.2855019569396973, 1.2374708652496338, 1.2679550647735596, 1.3305844068527222, 1.3602567911148071, 1.2962596416473389, 1.3216140270233154, 1.3151289224624634]
recognizer_val_errors: [1.0742911100387573, 1.179646611213684, 1.0665067434310913, 1.12465238571167, 1.2187920808792114, 1.070582628250122, 1.0658453702926636, 1.433741569519043, 1.309698462486267, 1.1185498237609863]
saved_generator_and_encoder_models_epochs: [0.0, 1.0, 2.0, 5.0]
saved_discriminator_models_epochs: [0.0, 1.0, 3.0, 4.0, 7.0]
