generator_and_encoder_train_losses: [4.21096081000108, 3.926000925210806, 4.1271000275245076, 3.7787090631631703, 4.209205022225013, 4.427141519693228, 4.18999457359314, 4.443167558083167, 4.102954369324904, 4.1934132759387674]
discriminator_train_losses: [1.258633553981781, 1.0910843759775162, 1.0734152495861053, 0.9058098196983337, 0.9094877541065216, 0.8450627774000168, 0.820652961730957, 0.7345732748508453, 0.6843694597482681, 0.6974446177482605]
generator_and_encoder_train_accuracies: [333.3533630371094, 324.4934387207031, 321.7345886230469, 330.0196228027344, 328.6611022949219, 325.6758117675781, 328.4751892089844, 330.69378662109375, 339.0278625488281, 341.0675354003906]
discriminator_train_accuracies: [0.3125, 0.25, 0.375, 0.3125, 0.375, 0.3125, 0.375, 0.4375, 0.5625, 0.5]
generator_and_encoder_val_losses: [nan, nan, nan, nan, nan, nan, nan, nan, nan, nan]
discriminator_val_losses: [1.075890036729666, 0.989354092341203, 0.9947375104977534, 0.9817451422031109, 0.9616441222337576, 0.8905669588309068, 0.7549899037067707, 0.7997271831219013, 0.8086831019474909, 0.7344961716578557]
generator_and_encoder_val_accuracies: [331.3489074707031, 326.6370544433594, 330.6098937988281, 323.0614929199219, 319.9782409667969, 329.349853515625, 324.6058654785156, 329.96331787109375, 342.2166748046875, 332.6714172363281]
discriminator_val_accuracies: [0.38461538461538464, 0.40384615384615385, 0.34615384615384615, 0.40384615384615385, 0.4423076923076923, 0.46153846153846156, 0.5961538461538461, 0.5, 0.4807692307692308, 0.5576923076923077]
recognizer_train_errors: [1.4718245267868042, 1.309968113899231, 1.3104450702667236, 1.2448694705963135, 1.3609881401062012, 1.3949921131134033, 1.330728530883789, 1.6310348510742188, 1.2100815773010254, 1.3251988887786865]
recognizer_val_errors: [1.208920955657959, 1.2359815835952759, 1.2109549045562744, 1.1622910499572754, 1.1754597425460815, 1.138274908065796, 1.1429734230041504, 1.2037746906280518, 1.2712334394454956, 1.1980475187301636]
saved_generator_and_encoder_models_epochs: []
saved_discriminator_models_epochs: [0.0, 1.0, 3.0, 4.0, 5.0, 6.0, 9.0]
