generator_and_encoder_train_losses: [4.227675309548011, 4.008585673112136, 4.248419945056622, 3.8746362832876353, 4.049374965521006, 4.36812241260822, 3.9107836209810696, 4.263362939541157, 4.688275392238911, 4.049814884479229]
discriminator_train_losses: [1.2611962258815765, 1.066629782319069, 1.0333867967128754, 0.9365821331739426, 0.8989366292953491, 0.8596258610486984, 0.963668704032898, 0.80306476354599, 0.8180787563323975, 0.6778648346662521]
generator_and_encoder_train_accuracies: [333.8854675292969, 328.7630310058594, 320.7202453613281, 332.94390869140625, 335.40673828125, 326.68548583984375, 321.4068908691406, 322.454345703125, 332.94512939453125, 337.18798828125]
discriminator_train_accuracies: [0.3125, 0.25, 0.3125, 0.3125, 0.375, 0.25, 0.3125, 0.375, 0.375, 0.5625]
generator_and_encoder_val_losses: [4.193019976982703, 3.9650790507976827, 3.530038595199585, 4.022545704474816, 3.8345642273242655, 3.350426050332876, 4.086243042579064, 4.0240373611450195, 4.123783441690298, 4.166561456827017]
discriminator_val_losses: [1.1139927689845746, 0.9679793027731088, 0.9680233781154339, 0.9822608049099262, 0.872580152291518, 0.8656905293464661, 0.8348357585760263, 0.7730065354934106, 0.8036708648388202, 0.8049276516987727]
generator_and_encoder_val_accuracies: [331.0142822265625, 327.1800231933594, 323.2562561035156, 329.7520751953125, 319.1744384765625, 324.4719543457031, 331.8383483886719, 341.9822998046875, 346.0751037597656, 339.05926513671875]
discriminator_val_accuracies: [0.38461538461538464, 0.36538461538461536, 0.38461538461538464, 0.36538461538461536, 0.46153846153846156, 0.4807692307692308, 0.5192307692307693, 0.5192307692307693, 0.46153846153846156, 0.5]
recognizer_train_errors: [1.5303902626037598, 1.3317233324050903, 1.3232932090759277, 1.2397135496139526, 1.3654204607009888, 1.420379400253296, 1.3193453550338745, 1.600537657737732, 1.3394553661346436, 1.3441746234893799]
recognizer_val_errors: [1.2430393695831299, 1.2124720811843872, 1.1984213590621948, 1.2093160152435303, 1.191803216934204, 1.095700979232788, 1.140610694885254, 1.2394381761550903, 1.2638378143310547, 1.2513762712478638]
saved_generator_and_encoder_models_epochs: [0.0, 1.0, 2.0, 5.0]
saved_discriminator_models_epochs: [0.0, 1.0, 4.0, 5.0, 6.0, 7.0]
