generator_and_encoder_train_losses: [4.408807112620427, 4.056956401238074, 4.055501809486976, 4.282228469848633, 4.404913553824792, 4.118609483425434, 3.9355524686666636, 3.838976053091196, 4.224874331400945, 4.034330239662757]
discriminator_train_losses: [3.2876110076904297, 2.5954856872558594, 1.9958722591400146, 1.693555235862732, 2.1471972465515137, 2.0156702995300293, 1.8753632307052612, 1.8226813077926636, 1.5793060064315796, 1.967545509338379]
generator_and_encoder_train_accuracies: [332.99981689453125, 319.9375, 330.5521545410156, 329.0162048339844, 320.6205139160156, 323.70458984375, 335.5976867675781, 329.945556640625, 328.5966491699219, 321.0268249511719]
discriminator_train_accuracies: [0.5, 0.5, 0.25, 0.25, 0.0, 0.0, 0.25, 0.25, 0.5, 0.25]
generator_and_encoder_val_losses: [4.248929103215535, 3.8529422283172607, 3.3309481938680015, 3.517698287963867, 3.8065012296040854, 3.1907779375712075, 3.526132424672445, 4.388980706532796, 3.235724131266276, 3.524264335632324]
discriminator_val_losses: [1.283798098564148, 1.1704365015029907, 1.1638741890589397, 1.0700116157531738, 0.9495201110839844, 1.029438277085622, 1.0592730045318604, 0.856483260790507, 1.057005524635315, 1.126619537671407]
generator_and_encoder_val_accuracies: [348.7136535644531, 347.75634765625, 348.64263916015625, 374.08062744140625, 336.29974365234375, 341.6203308105469, 345.83282470703125, 367.12841796875, 341.10833740234375, 371.08953857421875]
discriminator_val_accuracies: [0.25, 0.3333333333333333, 0.25, 0.3333333333333333, 0.16666666666666666, 0.3333333333333333, 0.3333333333333333, 0.3333333333333333, 0.3333333333333333, 0.3333333333333333]
recognizer_train_errors: [1.5281251668930054, 1.2760562896728516, 1.2346935272216797, 1.2547907829284668, 1.2423449754714966, 1.3291200399398804, 1.3100768327713013, 1.2677116394042969, 1.2974737882614136, 1.3355576992034912]
recognizer_val_errors: [1.1010199785232544, 1.0709391832351685, 1.0882244110107422, 1.1356273889541626, 1.172038197517395, 1.0646302700042725, 1.1472713947296143, 1.3973711729049683, 1.0536316633224487, 1.1303187608718872]
saved_generator_and_encoder_models_epochs: [0.0, 1.0, 2.0, 5.0]
saved_discriminator_models_epochs: [0.0, 1.0, 2.0, 3.0, 4.0, 7.0]
