generator_and_encoder_train_losses: [4.175575036268968, 3.68393769631019, 4.371698159437913, 4.368319162955651, 4.243873926309439, 4.3899058011861944, 4.5629135095156155, 4.761334125812237, 4.606104153853196, 4.570655290897076]
discriminator_train_losses: [2.0289369271351743, 1.6459742509401762, 1.145056385260362, 1.035989027756911, 0.9770917250559881, 0.8198190423158499, 0.6715637376675239, 0.6449969777694116, 0.514665275812149, 0.44898825654616725]
generator_and_encoder_train_accuracies: [350.37652587890625, 343.1371765136719, 346.64892578125, 346.937744140625, 352.3214111328125, 342.8787841796875, 348.2264404296875, 347.25732421875, 351.33563232421875, 350.6305847167969]
discriminator_train_accuracies: [0.42307692766189575, 0.442307710647583, 0.7115384936332703, 0.7307692766189575, 0.7692307829856873, 0.7884615659713745, 0.9038462042808533, 0.9038462042808533, 0.942307710647583, 0.942307710647583]
generator_and_encoder_val_losses: [3.4522552490234375, 4.8138777414957685, 3.2163434823354087, 3.216962734858195, 3.48732058207194, 3.437702496846517, 3.8411519527435303, 4.081906874974568, 4.555624326070149, 4.215548197428386]
discriminator_val_losses: [0.45337891578674316, 0.44348442554473877, 0.4397348165512085, 0.33325958251953125, 0.35612595081329346, 0.1817770004272461, 0.18257009983062744, 0.19477157294750214, 0.1718684881925583, 0.10633671283721924]
generator_and_encoder_val_accuracies: [369.0196838378906, 364.90667724609375, 357.6358642578125, 381.28961181640625, 382.2173156738281, 355.2825012207031, 353.34967041015625, 364.24517822265625, 371.89166259765625, 354.7779235839844]
discriminator_val_accuracies: [0.4166666666666667, 0.5833333333333334, 0.5833333333333334, 0.5833333333333334, 0.75, 0.75, 0.8333333333333334, 0.8333333333333334, 0.8333333333333334, 0.8333333333333334]
recognizer_train_errors: [1.4856301546096802, 1.1371008157730103, 1.188883900642395, 1.2648375034332275, 1.1684401035308838, 1.2694377899169922, 1.1521217823028564, 1.1503815650939941, 1.1350520849227905, 1.119820475578308]
recognizer_val_errors: [1.0168415307998657, 1.3667340278625488, 0.9561662673950195, 1.0390125513076782, 0.9703076481819153, 0.9790764451026917, 0.9783284068107605, 1.122709035873413, 1.0754364728927612, 0.9649439454078674]
saved_generator_and_encoder_models_epochs: [0.0, 2.0]
saved_discriminator_models_epochs: [0.0, 1.0, 2.0, 3.0, 4.0, 5.0, 6.0, 8.0, 9.0]
